603996
603157
601558
601299
601268
600991
600978
600899
600896
600891
600890
600878
600870
600856
600852
600849
600842
600840
600832
600813
600806
600799
600788
600786
600772
600762
600752
600747
600723
600709
600701
600700
600695
600687
600680
600677
600672
600670
600669
600659
600656
600652
600646
600634
600632
600631
600627
600625
600614
600607
600591
600555
600553
600485
600472
600432
600401
600385
600357
600317
600296
600291
600286
600275
600270
600263
600253
600247
600240
600209
600205
600181
600175
600146
600145
600102
600093
600092
600091
600090
600087
600086
600074
600069
600068
600065
600005
600003
600002
600001
