2506
2347
523
2591
2136
2361
2081
2471
777
2931
2805
2903
2792
2163
688
1331
2763
2756
2268
2759
2326
36
2571
2919
1309
2865
2769
2009
2969
547
1326
505
2703
2752
2151
2363
973
2853
1376
2201
2856
659
863
510
2652
2691
2812
2407
1203
2738
2842
878
630
2512
612
2426
408
592
2342
2160
2497
2709
2537
2353
2378
2548
850
923
2594
2164
2243
2192
3027
737
2476
2421
2379
2357
425
2636
2289
2789
2168
1270
2320
628
2875
2716
2788
2824
2346
2578
2466
2429
545
2295
889
2535
2564
2639
2108
2028
407
975
2532
680
411
567
60
2731
571
155
2064
2460
886
2748
2083
2338
751
949
758
2309
420
2271
3041
557
2114
1280
2829
3009
2927
917
504
2329
2125
695
960
2248
301
2129
2968
1208
807
2436
792
2478
2735
919
2317
2402
2631
2183
796
1217
933
546
2989
1400
2647
1388
2150
2202
2025
655
2240
3029
2169
2596
962
429
2455
582
2996
2176
2501
2723
2785
2278
2133
657
2885
2544
2155
608
2237
2519
629
555
426
66
2492
735
2145
1317
762
2128
2312
3037
2047
703
2978
2693
2200
2182
593
3039
2375
955
2082
700
2396
2623
2683
3022
2822
981
2451
2400
2943
3031
2902
1268
2465
2758
2667
922
2386
2203
2074
551
2310
2488
925
2539
2213
528
1378
1337
2321
715
157
2253
2811
2459
932
2597
833
972
403
2170
816
2866
422
2167
2091
2780
761
2056
2008
529
2545
2511
2666
821
701
35
2534
559
2101
603
338
1330
2538
2493
2490
589
572
543
2516
2373
2299
905
2049
969
2250
831
2592
2946
3038
2284
2517
2369
2956
2041
632
2149
1269
1287
2212
2405
1301
419
2898
2930
811
2324
2717
99
711
2445
2272
2632
1226
561
716
6
2245
2895
2427
2527
2783
2977
2122
2344
2825
2687
2104
2255
2713
977
536
901
2762
2599
2188
778
2388
2303
2474
958
2563
2453
776
663
820
733
677
875
2102
2601
2728
591
2513
595
708
915
2913
2238
2383
2813
830
2100
2565
2487
683
506
2556
2725
2624
2370
519
2038
423
2849
2670
625
990
550
2340
801
626
2042
2595
2393
2244
2439
750
19
2158
988
2586
2377
2075
29
690
967
1231
2366
722
2096
2572
2092
2146
3032
2215
2043
2736
783
2657
959
2843
2791
27
2323
2554
970
2987
2555
2159
2530
2024
2540
2085
2816
2180
2470
2410
2277
2496
410
2352
2296
2210
2957
938
2294
159
2937
2936
2498
790
1229
2415
58
2660
2678
415
2939
2368
2905
2846
573
728
1267
2291
2567
2219
2292
709
2797
2033
1288
686
2021
898
2054
2005
61
9
59
96
727
