561330
512400
516650
560860
563530
563230
512630
561800
563320
561660
515370
516250
589960
560120
563580
563760
520720
563600
512620
512130
563680
563750
561090
563830
561770
520530
530380
562870
520980
520860
563620
520560
563380
520630
512060
589090
563670
589380
512370
561750
589180
563630
510670
563060
589110
589560
515720
563550
520570
520670
520840
563570
588670
589120
520920
520950
560770
562070
520590
520820
563890
517950
530100
588130
588520
589720
520620
520650
520960
530530
563980
588550
589210
563510
520510
520970
560570
512030
588980
589580
588690
589050
589950
562050
563590
589850
589550
563690
563850
520880
561680
561220
520690
589700
520870
588270
588940
589200
588920
589820
520940
589780
515730
588140
589020
588710
